0  390
10 390
20 389.347
30 388.826
40 388.514
50 388.422
60 388.406
70 388.487
80 388.556
90 388.496
100 387.932
110 387.257
120 386.602
130 386.076
140 385.7
150 385.518
160 385.469
170 385.444
180 385.053
190 384.588
200 384.075
210 383.516
220 382.837
230 382.034
240 381.036
250 379.763
260 377.853
270 375.743
280 373.56
290 371.379
300 369.27
310 367.03
320 364.486
330 361.476
340 357.51
350 353.243
360 348.975
370 344.976
380 341.497
390 338.436
400 335.641
410 332.874
420 329.604
430 326.049
440 322.21
450 318.145
460 313.844
470 309.617
480 305.658
490 302.127
500 298.987
510 296.502
520 294.709
530 293.553
540 292.804
550 292.432
560 292.283
570 292.205
580 291.81
590 291.463
600 291.27
610 291.306
620 291.639
630 292.105
640 292.553
650 292.828
660 292.464
670 292.018
680 291.725
690 291.792
700 292.412
710 293.507
720 294.957
730 296.582
740 297.903
750 299.212
760 300.542
770 301.936
780 303.388
790 304.967
800 306.678
810 308.496
820 310.177
830 311.997
840 314.009
850 316.219
860 318.519
870 320.927
880 323.355
890 325.696
900 327.63
910 329.422
920 331.127
930 332.783
940 334.342
950 335.865
960 337.321
970 338.654
980 339.601
990 340.442
1000 341.251
1010 342.085
1020 342.87
1030 343.753
1040 344.737
1050 345.784
1060 346.664
1070 347.547
1080 348.425
1090 349.273
1100 349.911
1110 350.523
1120 351.136
1130 351.757
1140 352.236
1150 352.754
1160 353.333
1170 353.967
1180 354.456
1190 355.021
1200 355.684
1210 356.425
1220 357.078
1230 357.723
1240 358.307
1250 358.763
1260 358.83
1270 358.767
1280 358.637
1290 358.485
1300 358.228
1310 358.004
1320 357.814
1330 357.621
1340 357.183
1350 356.714
1360 356.229
1370 355.725
1380 355.047
1390 354.35
1400 353.641
1410 352.902
1420 351.952
1430 350.977
1440 350.002
1450 349.034
1460 347.901
1470 346.832
1480 345.863
1490 344.992
1500 344.078
1510 343.195
1520 342.294
1530 341.307
1540 339.983
1550 338.566
1560 337.114
1570 335.663
1580 334.142
1590 332.637
1600 331.117
1610 329.516
1620 327.604
1630 325.516
1640 323.236
1650 320.743
1660 317.824
1670 314.724
1680 311.47
1690 308.038
1700 304.348
1710 300.276
1720 295.692
1730 290.503
1740 284.416
1750 277.971
1760 271.494
1770 265.315
1780 259.701
1790 254.865
1800 250.894
1810 247.76
1820 245.209
1830 243.297
1840 241.913
1850 240.943
1860 240.088
1870 239.619
1880 239.604
1890 240.083
1900 241.031
1910 242.379
1920 243.99
1930 245.695
1940 247.129
1950 248.477
1960 249.757
1970 251.001
1980 252.139
1990 253.363
2000 254.726
2010 256.223
2020 257.699
2030 259.191
2040 260.599
2050 261.802
2060 262.575
2070 262.997
2080 263.079
2090 262.883
2100 262.319
2110 261.826
2120 261.638
2130 261.917
2140 262.781
2150 264.097
2160 265.702
2170 267.394
2180 268.669
2190 269.905
2200 271.188
2210 272.583
2220 274.208
2230 275.822
2240 277.242
2250 278.284
2260 278.505
2270 278.345
2280 277.989
2290 277.621
2300 277.42
2310 277.38
2320 277.457
2330 277.545
2340 277.294
2350 276.931
2360 276.466
2370 275.91
2380 275.215
2390 274.441
2400 273.595
2410 272.68
2420 271.565
2430 270.505
2440 269.609
2450 268.971
2460 268.51
2470 268.466
2480 268.867
2490 269.661
2500 270.711
2510 271.823
2520 272.782
2530 273.397
2540 273.268
2550 272.814
2560 272.226
2570 271.685
2580 271.357
2590 271.185
2600 271.064
2610 270.82
2620 270.075
2630 268.954
2640 267.434
2650 265.538
2660 263.199
2670 260.723
2680 258.284
2690 256.021
2700 254.018
2710 252.274
2720 250.739
2730 249.33
2740 247.695
2750 246.206
2760 244.953
2770 243.979
2780 243.383
2790 242.843
2800 242.132
2810 241.047
2820 239.059
2830 236.806
2840 234.564
2850 232.569
2860 231.213
2870 230.044
2880 228.782
2890 227.142
2900 224.468
2910 221.44
2920 218.374
2930 215.594
2940 213.551
2950 212.029
2960 210.883
2970 209.884
2980 208.508
2990 206.985
3000 205.307
3010 203.497
3020 201.586
3030 199.594
3040 197.529
3050 195.389
3060 193.056
3070 190.706
3080 188.399
3090 186.187
3100 184.016
3110 182.06
3120 180.37
3130 178.958
3140 177.735
3150 176.742
3160 175.927
3170 175.213
3180 174.433
3190 173.655
3200 172.869
3210 172.075
3220 171.183
3230 170.355
3240 169.65
3250 169.094
3260 168.651
3270 168.333
3280 168.094
3290 167.872
3300 167.472
3310 167.072
3320 166.717
3330 166.443
3340 166.254
3350 166.148
3360 166.091
3370 166.036
3380 165.795
3390 165.568
3400 165.41
3410 165.358
3420 165.43
3430 165.575
3440 165.731
3450 165.836
3460 165.668
3470 165.497
3480 165.425
3490 165.53
3500 165.88
3510 166.394
3520 166.979
3530 167.522
3540 167.763
3550 167.881
3560 167.926
3570 167.964
3580 168.024
3590 168.196
3600 168.511
3610 168.962
3620 169.434
3630 169.983
3640 170.568
3650 171.135
3660 171.547
3670 171.885
3680 172.152
3690 172.351
3700 172.415
3710 172.449
3720 172.477
3730 172.499
3740 172.439
3750 172.353
3760 172.224
3770 172.023
3780 171.635
3790 171.17
3800 170.659
3810 170.128
3820 169.529
3830 168.991
3840 168.553
